RUNNING THE L-BFGS-B CODE

it    = iteration number
nf    = number of function evaluations
nseg  = number of segments explored during the Cauchy search
nact  = number of active bounds at the generalized Cauchy point
sub   = manner in which the subspace minimization terminated:
        con = converged, bnd = a bound was reached
itls  = number of iterations performed in the line search
stepl = step length used
tstep = norm of the displacement (total step)
projg = norm of the projected gradient
f     = function value

           * * *

Machine precision = 2.220D-16
 N =          650     M =           10

   it   nf  nseg  nact  sub  itls  stepl    tstep     projg        f
    0    1     -     -   -     -     -        -     3.608D+00  5.781D+03
    1    2     1     0  ---    0  3.8D-02  1.0D+00  3.522D+00  5.756D+03
    2    3     0     0  con    0  1.0D+00  1.5D+01  3.130D+00  5.651D+03
    3    4     0     0  con    0  1.0D+00  7.3D+00  2.956D+00  5.559D+03
    4    5     0     0  con    0  1.0D+00  9.6D+00  2.794D+00  5.485D+03
    5    6     0     0  con    0  1.0D+00  7.0D+00  2.708D+00  5.428D+03
    6    7     0     0  con    0  1.0D+00  8.7D+00  1.988D+00  5.384D+03
    7    8     0     0  con    0  1.0D+00  5.3D+00  1.600D+00  5.352D+03
    8    9     0     0  con    0  1.0D+00  5.5D+00  1.889D+00  5.325D+03
    9   10     0     0  con    0  1.0D+00  5.1D+00  1.809D+00  5.306D+03
   10   11     0     0  con    0  1.0D+00  4.4D+00  1.347D+00  5.288D+03
   11   12     0     0  con    0  1.0D+00  4.2D+00  1.586D+00  5.274D+03
   12   13     0     0  con    0  1.0D+00  3.3D+00  9.651D-01  5.264D+03
   13   14     0     0  con    0  1.0D+00  2.7D+00  7.763D-01  5.256D+03
   14   15     0     0  con    0  1.0D+00  2.1D+00  9.913D-01  5.250D+03
   15   16     0     0  con    0  1.0D+00  2.6D+00  7.422D-01  5.245D+03
   16   17     0     0  con    0  1.0D+00  2.0D+00  7.692D-01  5.241D+03
   17   18     0     0  con    0  1.0D+00  1.7D+00  7.468D-01  5.238D+03
   18   19     0     0  con    0  1.0D+00  1.5D+00  6.167D-01  5.236D+03
   19   20     0     0  con    0  1.0D+00  1.4D+00  4.866D-01  5.234D+03
   20   21     0     0  con    0  1.0D+00  1.6D+00  6.799D-01  5.233D+03
   21   22     0     0  con    0  1.0D+00  8.3D-01  4.857D-01  5.231D+03
   22   23     0     0  con    0  1.0D+00  8.1D-01  6.413D-01  5.230D+03
   23   24     0     0  con    0  1.0D+00  7.3D-01  5.974D-01  5.229D+03
   24   25     0     0  con    0  1.0D+00  9.3D-01  4.493D-01  5.228D+03
   25   26     0     0  con    0  1.0D+00  8.0D-01  5.401D-01  5.227D+03
   26   27     0     0  con    0  1.0D+00  9.1D-01  6.224D-01  5.227D+03
   27   28     0     0  con    0  1.0D+00  9.0D-01  5.742D-01  5.226D+03
   28   29     0     0  con    0  1.0D+00  1.2D+00  5.862D-01  5.225D+03
   29   30     0     0  con    0  1.0D+00  8.2D-01  5.890D-01  5.223D+03
   30   31     0     0  con    0  1.0D+00  1.4D+00  6.594D-01  5.222D+03
   31   32     0     0  con    0  1.0D+00  1.5D+00  7.411D-01  5.220D+03
   32   33     0     0  con    0  1.0D+00  1.3D+00  6.664D-01  5.219D+03
   33   34     0     0  con    0  1.0D+00  1.9D+00  7.343D-01  5.218D+03
   34   35     0     0  con    0  1.0D+00  1.3D+00  7.665D-01  5.217D+03
   35   36     0     0  con    0  1.0D+00  9.6D-01  6.331D-01  5.215D+03
   36   37     0     0  con    0  1.0D+00  1.3D+00  6.434D-01  5.214D+03
   37   38     0     0  con    0  1.0D+00  7.2D-01  5.619D-01  5.213D+03
   38   39     0     0  con    0  1.0D+00  8.6D-01  5.696D-01  5.212D+03
   39   40     0     0  con    0  1.0D+00  8.5D-01  5.144D-01  5.211D+03
   40   41     0     0  con    0  1.0D+00  7.6D-01  4.820D-01  5.211D+03
   41   42     0     0  con    0  1.0D+00  7.1D-01  4.265D-01  5.210D+03
   42   43     0     0  con    0  1.0D+00  5.5D-01  3.901D-01  5.210D+03
   43   44     0     0  con    0  1.0D+00  3.2D-01  3.982D-01  5.209D+03
   44   45     0     0  con    0  1.0D+00  5.2D-01  6.888D-01  5.209D+03
   45   46     0     0  con    0  1.0D+00  2.8D-01  3.254D-01  5.209D+03
   46   47     0     0  con    0  1.0D+00  4.5D-01  3.837D-01  5.208D+03
   47   48     0     0  con    0  1.0D+00  2.6D-01  3.601D-01  5.208D+03
   48   49     0     0  con    0  1.0D+00  1.9D-01  2.980D-01  5.208D+03
   49   50     0     0  con    0  1.0D+00  2.7D-01  2.717D-01  5.208D+03
   50   51     0     0  con    0  1.0D+00  3.5D-01  3.194D-01  5.208D+03
   51   52     0     0  con    0  1.0D+00  2.4D-01  3.433D-01  5.207D+03
   52   53     0     0  con    0  1.0D+00  1.4D-01  2.995D-01  5.207D+03
   53   54     0     0  con    0  1.0D+00  1.6D-01  3.392D-01  5.207D+03
   54   55     0     0  con    0  1.0D+00  2.2D-01  3.207D-01  5.207D+03
   55   56     0     0  con    0  1.0D+00  3.9D-01  3.743D-01  5.207D+03
   56   57     0     0  con    0  1.0D+00  7.5D-01  5.474D-01  5.207D+03
   57   58     0     0  con    0  1.0D+00  2.3D-01  4.253D-01  5.207D+03
   58   59     0     0  con    0  1.0D+00  2.1D-01  4.035D-01  5.206D+03
   59   60     0     0  con    0  1.0D+00  2.2D-01  4.519D-01  5.206D+03
   60   61     0     0  con    0  1.0D+00  3.4D-01  4.046D-01  5.206D+03
   61   62     0     0  con    0  1.0D+00  5.1D-01  4.655D-01  5.206D+03
   62   63     0     0  con    0  1.0D+00  6.1D-01  5.102D-01  5.206D+03
   63   64     0     0  con    0  1.0D+00  2.9D-01  3.926D-01  5.206D+03
   64   65     0     0  con    0  1.0D+00  3.4D-01  3.946D-01  5.205D+03
   65   66     0     0  con    0  1.0D+00  3.8D-01  4.530D-01  5.205D+03
   66   67     0     0  con    0  1.0D+00  9.6D-01  5.952D-01  5.205D+03
   67   68     0     0  con    0  1.0D+00  3.5D-01  4.847D-01  5.205D+03
   68   69     0     0  con    0  1.0D+00  3.1D-01  3.722D-01  5.204D+03
   69   70     0     0  con    0  1.0D+00  4.6D-01  3.932D-01  5.204D+03
   70   71     0     0  con    0  1.0D+00  4.9D-01  3.939D-01  5.204D+03
   71   72     0     0  con    0  1.0D+00  3.0D-01  4.560D-01  5.204D+03
   72   73     0     0  con    0  1.0D+00  2.6D-01  3.482D-01  5.203D+03
   73   74     0     0  con    0  1.0D+00  2.3D-01  3.258D-01  5.203D+03
   74   75     0     0  con    0  1.0D+00  3.1D-01  3.513D-01  5.203D+03
   75   76     0     0  con    0  1.0D+00  2.8D-01  3.914D-01  5.203D+03
   76   77     0     0  con    0  1.0D+00  2.4D-01  2.868D-01  5.203D+03
   77   78     0     0  con    0  1.0D+00  1.2D-01  2.762D-01  5.203D+03
   78   79     0     0  con    0  1.0D+00  1.3D-01  2.186D-01  5.203D+03
   79   80     0     0  con    0  1.0D+00  1.6D-01  2.708D-01  5.203D+03
   80   81     0     0  con    0  1.0D+00  5.3D-02  2.229D-01  5.203D+03
   81   82     0     0  con    0  1.0D+00  6.3D-02  2.602D-01  5.203D+03
   82   83     0     0  con    0  1.0D+00  5.6D-02  2.766D-01  5.203D+03
   83   84     0     0  con    0  1.0D+00  6.3D-02  3.143D-01  5.203D+03
   84   85     0     0  con    0  1.0D+00  5.6D-02  2.725D-01  5.203D+03
   85   86     0     0  con    0  1.0D+00  7.1D-02  3.091D-01  5.203D+03
   86   87     0     0  con    0  1.0D+00  6.2D-02  3.043D-01  5.203D+03
   87   88     0     0  con    0  1.0D+00  3.5D-02  3.041D-01  5.203D+03
   88   89     0     0  con    0  1.0D+00  8.1D-02  2.669D-01  5.203D+03
   89   90     0     0  con    0  1.0D+00  8.4D-02  3.272D-01  5.203D+03
   90   91     0     0  con    0  1.0D+00  4.6D-02  2.502D-01  5.203D+03
   91   92     0     0  con    0  1.0D+00  3.1D-02  2.317D-01  5.203D+03
   92   93     0     0  con    0  1.0D+00  4.7D-02  2.158D-01  5.203D+03
   93   94     0     0  con    0  1.0D+00  8.1D-02  2.614D-01  5.203D+03
   94   95     0     0  con    0  1.0D+00  6.7D-02  2.478D-01  5.203D+03
   95   96     0     0  con    0  1.0D+00  3.9D-02  2.247D-01  5.203D+03
   96   97     0     0  con    0  1.0D+00  4.9D-02  3.206D-01  5.203D+03
   97   98     0     0  con    0  1.0D+00  4.8D-02  1.741D-01  5.203D+03
   98   99     0     0  con    0  1.0D+00  3.7D-02  2.041D-01  5.203D+03
   99  100     0     0  con    0  1.0D+00  2.4D-02  1.838D-01  5.203D+03
  100  101     0     0  con    0  1.0D+00  5.5D-02  2.895D-01  5.203D+03
  101  102     0     0  con    0  1.0D+00  3.3D-02  3.048D-01  5.203D+03
  102  103     0     0  con    0  1.0D+00  2.6D-02  1.904D-01  5.203D+03
  103  104     0     0  con    0  1.0D+00  3.5D-02  1.750D-01  5.203D+03
  104  105     0     0  con    0  1.0D+00  2.2D-02  1.576D-01  5.203D+03
  105  106     0     0  con    0  1.0D+00  1.7D-02  1.709D-01  5.203D+03
  106  107     0     0  con    0  1.0D+00  2.0D-02  2.147D-01  5.203D+03
  107  108     0     0  con    0  1.0D+00  2.8D-02  2.153D-01  5.203D+03
  108  109     0     0  con    0  1.0D+00  1.7D-02  1.821D-01  5.203D+03
  109  110     0     0  con    0  1.0D+00  2.2D-02  1.991D-01  5.203D+03
  110  111     0     0  con    0  1.0D+00  1.6D-02  1.872D-01  5.203D+03
  111  112     0     0  con    0  1.0D+00  1.5D-02  1.940D-01  5.203D+03
  112  113     0     0  con    0  1.0D+00  3.0D-02  2.224D-01  5.203D+03
  113  114     0     0  con    0  1.0D+00  1.5D-02  2.050D-01  5.203D+03
  114  115     0     0  con    0  1.0D+00  2.3D-02  1.964D-01  5.203D+03
  115  116     0     0  con    0  1.0D+00  2.0D-02  2.053D-01  5.203D+03
  116  117     0     0  con    0  1.0D+00  8.3D-03  1.898D-01  5.203D+03
  117  118     0     0  con    0  1.0D+00  2.8D-02  1.971D-01  5.203D+03
  118  119     0     0  con    0  1.0D+00  1.8D-02  1.860D-01  5.203D+03
  119  120     0     0  con    0  1.0D+00  1.3D-02  1.993D-01  5.203D+03
  120  121     0     0  con    0  1.0D+00  8.8D-03  1.642D-01  5.203D+03
  121  122     0     0  con    0  1.0D+00  1.1D-02  1.743D-01  5.203D+03
  122  123     0     0  con    0  1.0D+00  2.5D-02  1.949D-01  5.202D+03
  123  124     0     0  con    0  1.0D+00  1.2D-02  2.277D-01  5.202D+03
  124  125     0     0  con    0  1.0D+00  7.0D-03  1.738D-01  5.202D+03
  125  126     0     0  con    0  1.0D+00  6.1D-03  1.419D-01  5.202D+03
  126  127     0     0  con    0  1.0D+00  1.2D-02  1.805D-01  5.202D+03
  127  128     0     0  con    0  1.0D+00  1.5D-02  1.908D-01  5.202D+03
  128  129     0     0  con    0  1.0D+00  6.9D-03  1.923D-01  5.202D+03
  129  130     0     0  con    0  1.0D+00  5.5D-03  1.938D-01  5.202D+03
  130  131     0     0  con    0  1.0D+00  6.2D-03  1.959D-01  5.202D+03
  131  132     0     0  con    0  1.0D+00  1.4D-02  1.976D-01  5.202D+03
  132  133     0     0  con    0  1.0D+00  2.7D-02  1.995D-01  5.202D+03
  133  134     0     0  con    0  1.0D+00  1.6D-02  1.531D-01  5.202D+03
  134  135     0     0  con    0  1.0D+00  6.5D-03  1.667D-01  5.202D+03
  135  136     0     0  con    0  1.0D+00  9.6D-03  1.680D-01  5.202D+03
  136  137     0     0  con    0  1.0D+00  1.0D-02  1.796D-01  5.202D+03
  137  138     0     0  con    0  1.0D+00  1.1D-02  1.788D-01  5.202D+03
  138  139     0     0  con    0  1.0D+00  2.2D-02  1.706D-01  5.202D+03
  139  140     0     0  con    0  1.0D+00  9.3D-03  1.669D-01  5.202D+03
  140  141     0     0  con    0  1.0D+00  1.3D-02  2.348D-01  5.202D+03
  141  142     0     0  con    0  1.0D+00  7.6D-03  2.221D-01  5.202D+03
  142  143     0     0  con    0  1.0D+00  7.6D-03  1.489D-01  5.202D+03
  143  144     0     0  con    0  1.0D+00  1.0D-02  1.532D-01  5.202D+03
  144  145     0     0  con    0  1.0D+00  1.2D-02  1.839D-01  5.202D+03
  145  146     0     0  con    0  1.0D+00  1.9D-02  1.767D-01  5.202D+03
  146  147     0     0  con    0  1.0D+00  2.0D-02  1.637D-01  5.202D+03
  147  148     0     0  con    0  1.0D+00  1.6D-02  1.617D-01  5.202D+03
  148  149     0     0  con    0  1.0D+00  9.8D-03  1.528D-01  5.202D+03
  149  150     0     0  con    0  1.0D+00  1.6D-02  1.555D-01  5.202D+03
  150  151     0     0  con    0  1.0D+00  1.0D-02  1.856D-01  5.202D+03
  151  152     0     0  con    0  1.0D+00  1.6D-02  1.734D-01  5.202D+03
  152  153     0     0  con    0  1.0D+00  1.0D-02  1.579D-01  5.202D+03
  153  154     0     0  con    0  1.0D+00  1.1D-02  2.275D-01  5.202D+03
  154  155     0     0  con    0  1.0D+00  1.6D-02  1.805D-01  5.202D+03
  155  156     0     0  con    0  1.0D+00  4.1D-03  1.679D-01  5.202D+03
  156  157     0     0  con    0  1.0D+00  4.4D-03  1.683D-01  5.202D+03
  157  158     0     0  con    0  1.0D+00  4.5D-03  1.673D-01  5.202D+03
  158  159     0     0  con    0  1.0D+00  8.4D-03  1.656D-01  5.202D+03
  159  160     0     0  con    0  1.0D+00  1.0D-02  1.747D-01  5.202D+03
  160  161     0     0  con    0  1.0D+00  7.3D-03  1.722D-01  5.202D+03
  161  162     0     0  con    0  1.0D+00  8.8D-03  2.243D-01  5.202D+03
  162  163     0     0  con    0  1.0D+00  9.8D-03  2.290D-01  5.202D+03
  163  164     0     0  con    0  1.0D+00  1.7D-02  2.055D-01  5.202D+03
  164  165     0     0  con    0  1.0D+00  1.1D-02  2.125D-01  5.202D+03
  165  166     0     0  con    0  1.0D+00  6.1D-03  2.013D-01  5.202D+03
  166  167     0     0  con    0  1.0D+00  8.2D-03  1.532D-01  5.202D+03
  167  168     0     0  con    0  1.0D+00  5.8D-03  1.332D-01  5.202D+03
  168  169     0     0  con    0  1.0D+00  8.1D-03  1.909D-01  5.202D+03
  169  170     0     0  con    0  1.0D+00  6.1D-03  1.465D-01  5.202D+03
  170  171     0     0  con    0  1.0D+00  5.8D-03  1.923D-01  5.202D+03
  171  172     0     0  con    0  1.0D+00  1.4D-02  1.568D-01  5.202D+03
  172  173     0     0  con    0  1.0D+00  1.1D-02  1.364D-01  5.202D+03
  173  174     0     0  con    0  1.0D+00  4.1D-03  1.588D-01  5.202D+03
  174  175     0     0  con    0  1.0D+00  5.4D-03  1.377D-01  5.202D+03
  175  176     0     0  con    0  1.0D+00  6.8D-03  1.767D-01  5.202D+03
  176  177     0     0  con    0  1.0D+00  8.6D-03  1.665D-01  5.202D+03
  177  178     0     0  con    0  1.0D+00  1.1D-02  1.696D-01  5.202D+03
  178  179     0     0  con    0  1.0D+00  3.9D-03  1.769D-01  5.202D+03
  179  180     0     0  con    0  1.0D+00  3.4D-03  1.720D-01  5.202D+03
  180  181     0     0  con    0  1.0D+00  7.9D-03  1.611D-01  5.202D+03
  181  182     0     0  con    0  1.0D+00  5.5D-03  1.433D-01  5.202D+03
  182  183     0     0  con    0  1.0D+00  9.1D-03  2.086D-01  5.202D+03
  183  184     0     0  con    0  1.0D+00  3.6D-03  1.373D-01  5.202D+03
  184  185     0     0  con    0  1.0D+00  2.4D-03  1.329D-01  5.202D+03
  185  186     0     0  con    0  1.0D+00  2.7D-03  1.897D-01  5.202D+03
  186  187     0     0  con    0  1.0D+00  3.0D-03  1.721D-01  5.202D+03
  187  188     0     0  con    0  1.0D+00  6.5D-03  1.679D-01  5.202D+03
  188  189     0     0  con    0  1.0D+00  2.2D-03  1.897D-01  5.202D+03
  189  190     0     0  con    0  1.0D+00  4.0D-03  1.651D-01  5.202D+03
  190  191     0     0  con    0  1.0D+00  5.2D-03  1.807D-01  5.202D+03
  191  192     0     0  con    0  1.0D+00  2.9D-03  1.651D-01  5.202D+03
  192  193     0     0  con    0  1.0D+00  2.7D-03  1.396D-01  5.202D+03
  193  194     0     0  con    0  1.0D+00  4.0D-03  1.310D-01  5.202D+03
  194  195     0     0  con    0  1.0D+00  9.7D-03  1.489D-01  5.202D+03
  195  196     0     0  con    0  1.0D+00  1.2D-02  1.623D-01  5.202D+03
  196  197     0     0  con    0  1.0D+00  3.5D-03  1.620D-01  5.202D+03
  197  198     0     0  con    0  1.0D+00  3.7D-03  1.603D-01  5.202D+03
  198  199     0     0  con    0  1.0D+00  5.4D-03  1.635D-01  5.202D+03
  199  200     0     0  con    0  1.0D+00  9.0D-03  1.822D-01  5.202D+03
  200  201     0     0  con    0  1.0D+00  8.7D-03  1.799D-01  5.202D+03
  201  202     0     0  con    0  1.0D+00  2.8D-03  2.182D-01  5.202D+03
  202  203     0     0  con    0  1.0D+00  2.3D-03  1.563D-01  5.202D+03
  203  204     0     0  con    0  1.0D+00  2.5D-03  1.718D-01  5.202D+03
  204  205     0     0  con    0  1.0D+00  3.0D-03  1.125D-01  5.202D+03
  205  206     0     0  con    0  1.0D+00  7.9D-03  1.572D-01  5.202D+03
  206  207     0     0  con    0  1.0D+00  9.1D-03  1.704D-01  5.202D+03
  207  208     0     0  con    0  1.0D+00  1.8D-02  1.881D-01  5.202D+03
  208  209     0     0  con    0  1.0D+00  5.9D-03  1.834D-01  5.202D+03
  209  210     0     0  con    0  1.0D+00  2.9D-03  1.839D-01  5.202D+03
  210  211     0     0  con    0  1.0D+00  9.2D-03  1.674D-01  5.202D+03
  211  212     0     0  con    0  1.0D+00  8.6D-03  1.566D-01  5.202D+03
  212  213     0     0  con    0  1.0D+00  1.1D-02  1.986D-01  5.202D+03
  213  214     0     0  con    0  1.0D+00  4.0D-03  1.931D-01  5.202D+03
  214  215     0     0  con    0  1.0D+00  3.4D-03  1.718D-01  5.202D+03
  215  216     0     0  con    0  1.0D+00  3.1D-03  1.496D-01  5.202D+03
  216  217     0     0  con    0  1.0D+00  3.4D-03  1.408D-01  5.202D+03
  217  218     0     0  con    0  1.0D+00  5.4D-03  1.593D-01  5.202D+03
  218  219     0     0  con    0  1.0D+00  1.2D-03  1.265D-01  5.202D+03
  219  220     0     0  con    0  1.0D+00  1.1D-03  1.241D-01  5.202D+03
  220  221     0     0  con    0  1.0D+00  2.4D-03  1.295D-01  5.202D+03
  221  222     0     0  con    0  1.0D+00  3.8D-03  1.433D-01  5.202D+03
  222  223     0     0  con    0  1.0D+00  2.7D-03  1.632D-01  5.202D+03
  223  224     0     0  con    0  1.0D+00  4.0D-03  2.180D-01  5.202D+03
  224  225     0     0  con    0  1.0D+00  6.0D-03  2.086D-01  5.202D+03
  225  226     0     0  con    0  1.0D+00  9.4D-03  2.377D-01  5.202D+03
  226  227     0     0  con    0  1.0D+00  1.7D-03  2.380D-01  5.202D+03
  227  228     0     0  con    0  1.0D+00  2.5D-03  1.371D-01  5.202D+03
  228  229     0     0  con    0  1.0D+00  4.3D-03  1.527D-01  5.202D+03
  229  230     0     0  con    0  1.0D+00  9.0D-03  1.586D-01  5.202D+03
  230  231     0     0  con    0  1.0D+00  3.1D-03  1.964D-01  5.202D+03
  231  232     0     0  con    0  1.0D+00  2.7D-03  1.519D-01  5.202D+03
  232  233     0     0  con    0  1.0D+00  8.4D-03  1.522D-01  5.202D+03
  233  234     0     0  con    0  1.0D+00  2.6D-03  1.736D-01  5.202D+03
  234  235     0     0  con    0  1.0D+00  1.0D-03  1.327D-01  5.202D+03
  235  236     0     0  con    0  1.0D+00  2.3D-03  1.465D-01  5.202D+03
  236  237     0     0  con    0  1.0D+00  5.0D-03  1.344D-01  5.202D+03
  237  238     0     0  con    0  1.0D+00  1.2D-02  1.293D-01  5.202D+03
  238  239     0     0  con    0  1.0D+00  5.6D-03  1.614D-01  5.202D+03
  239  240     0     0  con    0  1.0D+00  9.0D-03  1.334D-01  5.202D+03
  240  241     0     0  con    0  1.0D+00  3.8D-02  1.733D-01  5.202D+03
  241  242     0     0  con    0  1.0D+00  6.7D-03  2.164D-01  5.202D+03
  242  244     0     0  con    1  3.7D-01  1.2D-02  2.276D-01  5.202D+03
  243  245     0     0  con    0  1.0D+00  5.3D-03  1.923D-01  5.202D+03
  244  246     0     0  con    0  1.0D+00  1.1D-02  2.365D-01  5.202D+03
  245  247     0     0  con    0  1.0D+00  2.6D-03  1.937D-01  5.202D+03
  246  248     0     0  con    0  1.0D+00  1.9D-03  1.572D-01  5.202D+03
  247  249     0     0  con    0  1.0D+00  1.0D-02  1.866D-01  5.202D+03
  248  250     0     0  con    0  1.0D+00  3.0D-03  1.687D-01  5.202D+03
  249  251     0     0  con    0  1.0D+00  7.1D-03  1.993D-01  5.202D+03
  250  252     0     0  con    0  1.0D+00  5.7D-03  1.493D-01  5.202D+03
  251  253     0     0  con    0  1.0D+00  8.2D-03  1.245D-01  5.202D+03
  252  254     0     0  con    0  1.0D+00  2.0D-02  2.343D-01  5.202D+03
  253  255     0     0  con    0  1.0D+00  2.3D-03  1.383D-01  5.202D+03
  254  256     0     0  con    0  1.0D+00  2.8D-03  1.337D-01  5.202D+03
  255  257     0     0  con    0  1.0D+00  9.9D-03  1.570D-01  5.202D+03
  256  258     0     0  con    0  1.0D+00  2.8D-03  1.491D-01  5.202D+03
  257  259     0     0  con    0  1.0D+00  2.7D-03  1.386D-01  5.202D+03
  258  260     0     0  con    0  1.0D+00  7.0D-03  1.205D-01  5.202D+03
  259  261     0     0  con    0  1.0D+00  2.0D-02  2.037D-01  5.202D+03
  260  262     0     0  con    0  1.0D+00  4.3D-03  1.945D-01  5.202D+03
  261  263     0     0  con    0  1.0D+00  9.9D-03  1.518D-01  5.202D+03
  262  264     0     0  con    0  1.0D+00  7.7D-03  1.584D-01  5.202D+03
  263  265     0     0  con    0  1.0D+00  5.0D-03  1.552D-01  5.202D+03
  264  266     0     0  con    0  1.0D+00  1.0D-02  1.556D-01  5.202D+03
  265  267     0     0  con    0  1.0D+00  3.1D-02  2.077D-01  5.202D+03
  266  268     0     0  con    0  1.0D+00  8.8D-03  1.708D-01  5.202D+03
  267  269     0     0  con    0  1.0D+00  5.1D-03  1.504D-01  5.202D+03
  268  270     0     0  con    0  1.0D+00  2.2D-02  1.667D-01  5.202D+03
  269  271     0     0  con    0  1.0D+00  1.3D-02  1.751D-01  5.202D+03
  270  272     0     0  con    0  1.0D+00  2.0D-02  1.875D-01  5.202D+03
  271  274     0     0  con    1  2.7D-01  4.1D-02  1.737D-01  5.202D+03
  272  275     0     0  con    0  1.0D+00  1.3D-02  1.876D-01  5.202D+03
  273  276     0     0  con    0  1.0D+00  1.2D-02  1.841D-01  5.202D+03
  274  277     0     0  con    0  1.0D+00  1.1D-02  1.977D-01  5.202D+03
  275  278     0     0  con    0  1.0D+00  1.2D-02  1.813D-01  5.202D+03
  276  279     0     0  con    0  1.0D+00  1.7D-02  1.367D-01  5.202D+03
  277  280     0     0  con    0  1.0D+00  5.3D-03  1.174D-01  5.202D+03
  278  281     0     0  con    0  1.0D+00  1.1D-02  1.124D-01  5.202D+03
  279  282     0     0  con    0  1.0D+00  8.3D-03  1.659D-01  5.202D+03
  280  283     0     0  con    0  1.0D+00  2.2D-02  1.816D-01  5.202D+03
  281  284     0     0  con    0  1.0D+00  6.6D-03  1.520D-01  5.202D+03
  282  285     0     0  con    0  1.0D+00  2.6D-03  1.279D-01  5.202D+03
  283  286     0     0  con    0  1.0D+00  4.2D-03  1.222D-01  5.202D+03
  284  287     0     0  con    0  1.0D+00  5.2D-03  1.740D-01  5.202D+03
  285  288     0     0  con    0  1.0D+00  1.4D-03  1.537D-01  5.202D+03
  286  289     0     0  con    0  1.0D+00  1.5D-03  1.862D-01  5.202D+03
  287  290     0     0  con    0  1.0D+00  2.7D-03  1.746D-01  5.202D+03
  288  291     0     0  con    0  1.0D+00  1.9D-03  1.307D-01  5.202D+03
  289  292     0     0  con    0  1.0D+00  5.1D-03  1.551D-01  5.202D+03
  290  293     0     0  con    0  1.0D+00  4.3D-03  1.160D-01  5.202D+03
  291  294     0     0  con    0  1.0D+00  4.9D-03  1.362D-01  5.202D+03
  292  295     0     0  con    0  1.0D+00  6.5D-03  1.438D-01  5.202D+03
  293  296     0     0  con    0  1.0D+00  2.3D-03  1.281D-01  5.202D+03
  294  297     0     0  con    0  1.0D+00  3.1D-03  1.331D-01  5.202D+03
  295  298     0     0  con    0  1.0D+00  5.6D-03  1.453D-01  5.202D+03
  296  299     0     0  con    0  1.0D+00  7.3D-03  1.640D-01  5.202D+03
  297  300     0     0  con    0  1.0D+00  1.8D-03  1.426D-01  5.202D+03
  298  301     0     0  con    0  1.0D+00  1.8D-03  1.243D-01  5.202D+03
  299  302     0     0  con    0  1.0D+00  4.3D-03  1.446D-01  5.202D+03
  300  303     0     0  con    0  1.0D+00  2.7D-03  1.527D-01  5.202D+03
  301  304     0     0  con    0  1.0D+00  4.0D-03  1.154D-01  5.202D+03
  302  305     0     0  con    0  1.0D+00  3.0D-03  1.180D-01  5.202D+03
  303  306     0     0  con    0  1.0D+00  3.2D-03  2.011D-01  5.202D+03
  304  307     0     0  con    0  1.0D+00  2.3D-03  1.193D-01  5.202D+03
  305  308     0     0  con    0  1.0D+00  2.0D-03  1.072D-01  5.202D+03
  306  309     0     0  con    0  1.0D+00  2.1D-03  1.263D-01  5.202D+03
  307  310     0     0  con    0  1.0D+00  4.6D-03  1.405D-01  5.202D+03
  308  311     0     0  con    0  1.0D+00  1.1D-03  1.309D-01  5.202D+03
  309  312     0     0  con    0  1.0D+00  9.8D-04  9.757D-02  5.202D+03
  310  313     0     0  con    0  1.0D+00  2.2D-03  1.076D-01  5.202D+03
  311  314     0     0  con    0  1.0D+00  1.9D-03  1.054D-01  5.202D+03
  312  315     0     0  con    0  1.0D+00  1.9D-03  1.198D-01  5.202D+03
  313  316     0     0  con    0  1.0D+00  2.7D-03  1.135D-01  5.202D+03
  314  317     0     0  con    0  1.0D+00  3.6D-03  1.431D-01  5.202D+03
  315  318     0     0  con    0  1.0D+00  5.4D-03  1.161D-01  5.202D+03
  316  319     0     0  con    0  1.0D+00  3.6D-03  1.120D-01  5.202D+03
  317  320     0     0  con    0  1.0D+00  1.5D-03  1.561D-01  5.202D+03
  318  321     0     0  con    0  1.0D+00  1.3D-03  1.585D-01  5.202D+03
  319  322     0     0  con    0  1.0D+00  2.7D-03  1.419D-01  5.202D+03
  320  323     0     0  con    0  1.0D+00  6.0D-03  1.975D-01  5.202D+03
  321  324     0     0  con    0  1.0D+00  8.0D-03  1.552D-01  5.202D+03
  322  325     0     0  con    0  1.0D+00  1.3D-02  1.384D-01  5.202D+03
  323  326     0     0  con    0  1.0D+00  3.0D-03  1.306D-01  5.202D+03
  324  327     0     0  con    0  1.0D+00  2.5D-03  1.233D-01  5.202D+03
  325  328     0     0  con    0  1.0D+00  6.6D-03  1.611D-01  5.202D+03
  326  329     0     0  con    0  1.0D+00  5.2D-03  9.659D-02  5.202D+03
  327  330     0     0  con    0  1.0D+00  4.0D-03  1.045D-01  5.202D+03
  328  331     0     0  con    0  1.0D+00  1.5D-03  1.030D-01  5.202D+03
  329  332     0     0  con    0  1.0D+00  1.9D-03  1.069D-01  5.202D+03
  330  333     0     0  con    0  1.0D+00  5.4D-03  1.359D-01  5.202D+03
  331  334     0     0  con    0  1.0D+00  6.7D-03  1.288D-01  5.202D+03
  332  335     0     0  con    0  1.0D+00  4.1D-03  1.194D-01  5.202D+03
  333  336     0     0  con    0  1.0D+00  3.5D-03  1.370D-01  5.202D+03
  334  337     0     0  con    0  1.0D+00  3.4D-03  1.413D-01  5.202D+03
  335  338     0     0  con    0  1.0D+00  2.0D-03  1.159D-01  5.202D+03
  336  339     0     0  con    0  1.0D+00  1.7D-03  1.442D-01  5.202D+03
  337  340     0     0  con    0  1.0D+00  1.7D-03  1.008D-01  5.202D+03
  338  341     0     0  con    0  1.0D+00  2.4D-03  1.520D-01  5.202D+03
  339  342     0     0  con    0  1.0D+00  2.4D-03  1.167D-01  5.202D+03
  340  343     0     0  con    0  1.0D+00  4.1D-03  1.584D-01  5.202D+03
  341  344     0     0  con    0  1.0D+00  9.5D-04  1.093D-01  5.202D+03
  342  345     0     0  con    0  1.0D+00  9.2D-04  1.243D-01  5.202D+03
  343  346     0     0  con    0  1.0D+00  1.9D-03  1.232D-01  5.202D+03
  344  347     0     0  con    0  1.0D+00  3.8D-03  1.491D-01  5.202D+03
  345  348     0     0  con    0  1.0D+00  4.7D-03  1.282D-01  5.202D+03
  346  349     0     0  con    0  1.0D+00  1.2D-02  1.587D-01  5.202D+03
  347  350     0     0  con    0  1.0D+00  6.3D-03  1.318D-01  5.202D+03
  348  351     0     0  con    0  1.0D+00  1.9D-02  1.485D-01  5.202D+03
  349  352     0     0  con    0  1.0D+00  1.6D-02  2.022D-01  5.202D+03
  350  353     0     0  con    0  1.0D+00  7.4D-03  1.448D-01  5.202D+03
  351  354     0     0  con    0  1.0D+00  6.5D-03  1.477D-01  5.202D+03
  352  355     0     0  con    0  1.0D+00  3.4D-03  1.837D-01  5.202D+03
  353  356     0     0  con    0  1.0D+00  9.9D-03  1.945D-01  5.202D+03
  354  357     0     0  con    0  1.0D+00  4.3D-03  1.923D-01  5.202D+03
  355  359     0     0  con    1  3.8D-01  6.2D-03  2.122D-01  5.202D+03
  356  361     0     0  con    1  2.6D-01  4.2D-03  1.492D-01  5.202D+03
  357  362     0     0  con    0  1.0D+00  3.8D-03  1.685D-01  5.202D+03
  358  363     0     0  con    0  1.0D+00  2.0D-03  1.247D-01  5.202D+03
  359  364     0     0  con    0  1.0D+00  2.5D-03  1.137D-01  5.202D+03
  360  365     0     0  con    0  1.0D+00  3.2D-03  1.494D-01  5.202D+03
  361  366     0     0  con    0  1.0D+00  1.6D-03  1.155D-01  5.202D+03
  362  367     0     0  con    0  1.0D+00  1.8D-03  1.360D-01  5.202D+03
  363  368     0     0  con    0  1.0D+00  1.6D-03  1.310D-01  5.202D+03
  364  369     0     0  con    0  1.0D+00  3.5D-03  1.292D-01  5.202D+03
  365  370     0     0  con    0  1.0D+00  3.0D-03  1.259D-01  5.202D+03
  366  371     0     0  con    0  1.0D+00  5.4D-03  1.255D-01  5.202D+03
  367  372     0     0  con    0  1.0D+00  6.7D-03  1.140D-01  5.202D+03
  368  373     0     0  con    0  1.0D+00  9.9D-03  1.641D-01  5.202D+03
  369  374     0     0  con    0  1.0D+00  2.3D-03  1.500D-01  5.202D+03
  370  375     0     0  con    0  1.0D+00  1.6D-03  1.425D-01  5.202D+03
  371  376     0     0  con    0  1.0D+00  6.8D-03  1.454D-01  5.202D+03
  372  377     0     0  con    0  1.0D+00  1.4D-02  1.682D-01  5.202D+03
  373  378     0     0  con    0  1.0D+00  1.1D-01  1.833D-01  5.202D+03
  374  379     0     0  con    0  1.0D+00  2.5D-02  2.592D-01  5.202D+03
  375  381     0     0  con    1  3.1D-01  3.3D-02  2.411D-01  5.202D+03
  376  382     0     0  con    0  1.0D+00  1.1D-02  2.424D-01  5.202D+03
  377  383     0     0  con    0  1.0D+00  2.0D-02  2.084D-01  5.202D+03
  378  384     0     0  con    0  1.0D+00  2.2D-02  1.967D-01  5.202D+03
  379  385     0     0  con    0  1.0D+00  1.7D-02  1.696D-01  5.202D+03
  380  386     0     0  con    0  1.0D+00  7.7D-03  1.556D-01  5.202D+03
  381  387     0     0  con    0  1.0D+00  7.2D-03  1.343D-01  5.202D+03
  382  388     0     0  con    0  1.0D+00  4.3D-03  1.886D-01  5.202D+03
  383  389     0     0  con    0  1.0D+00  1.6D-03  1.546D-01  5.202D+03
  384  390     0     0  con    0  1.0D+00  3.0D-03  1.393D-01  5.202D+03
  385  391     0     0  con    0  1.0D+00  2.0D-03  1.315D-01  5.202D+03
  386  392     0     0  con    0  1.0D+00  3.7D-03  1.580D-01  5.202D+03
  387  393     0     0  con    0  1.0D+00  1.8D-03  1.137D-01  5.202D+03
  388  394     0     0  con    0  1.0D+00  1.9D-03  1.681D-01  5.202D+03
  389  395     0     0  con    0  1.0D+00  1.8D-03  1.502D-01  5.202D+03
  390  396     0     0  con    0  1.0D+00  2.2D-03  1.220D-01  5.202D+03
  391  397     0     0  con    0  1.0D+00  2.7D-03  1.112D-01  5.202D+03
  392  398     0     0  con    0  1.0D+00  2.2D-03  1.410D-01  5.202D+03
  393  399     0     0  con    0  1.0D+00  1.6D-03  1.466D-01  5.202D+03
  394  400     0     0  con    0  1.0D+00  1.3D-03  1.155D-01  5.202D+03
  395  401     0     0  con    0  1.0D+00  4.0D-03  1.386D-01  5.202D+03
  396  402     0     0  con    0  1.0D+00  2.3D-03  1.216D-01  5.202D+03
  397  403     0     0  con    0  1.0D+00  2.0D-03  1.491D-01  5.202D+03
  398  404     0     0  con    0  1.0D+00  2.9D-03  1.044D-01  5.202D+03
  399  405     0     0  con    0  1.0D+00  9.3D-04  1.005D-01  5.202D+03
  400  406     0     0  con    0  1.0D+00  1.2D-03  8.894D-02  5.202D+03
  401  407     0     0  con    0  1.0D+00  1.8D-03  1.281D-01  5.202D+03
  402  408     0     0  con    0  1.0D+00  2.8D-03  1.202D-01  5.202D+03
  403  409     0     0  con    0  1.0D+00  2.7D-03  1.287D-01  5.202D+03
  404  410     0     0  con    0  1.0D+00  2.4D-03  1.308D-01  5.202D+03
  405  411     0     0  con    0  1.0D+00  1.1D-03  1.244D-01  5.202D+03
  406  412     0     0  con    0  1.0D+00  1.9D-03  9.793D-02  5.202D+03
  407  413     0     0  con    0  1.0D+00  3.3D-03  9.263D-02  5.202D+03
  408  414     0     0  con    0  1.0D+00  1.3D-03  1.146D-01  5.202D+03
  409  415     0     0  con    0  1.0D+00  1.4D-03  8.752D-02  5.202D+03
  410  416     0     0  con    0  1.0D+00  9.1D-04  8.471D-02  5.202D+03
  411  417     0     0  con    0  1.0D+00  1.5D-03  1.090D-01  5.202D+03
  412  418     0     0  con    0  1.0D+00  2.9D-03  1.383D-01  5.202D+03
  413  419     0     0  con    0  1.0D+00  1.3D-03  1.135D-01  5.202D+03
  414  420     0     0  con    0  1.0D+00  8.8D-04  8.077D-02  5.202D+03
  415  421     0     0  con    0  1.0D+00  1.9D-03  1.354D-01  5.202D+03
  416  422     0     0  con    0  1.0D+00  8.3D-04  1.390D-01  5.202D+03
  417  423     0     0  con    0  1.0D+00  1.0D-03  1.340D-01  5.202D+03
  418  424     0     0  con    0  1.0D+00  2.5D-03  1.090D-01  5.202D+03
  419  425     0     0  con    0  1.0D+00  3.1D-03  1.541D-01  5.202D+03
  420  426     0     0  con    0  1.0D+00  4.2D-03  1.231D-01  5.202D+03
  421  427     0     0  con    0  1.0D+00  2.8D-03  1.096D-01  5.202D+03
  422  428     0     0  con    0  1.0D+00  6.5D-03  1.215D-01  5.202D+03
  423  429     0     0  con    0  1.0D+00  5.8D-03  1.453D-01  5.202D+03
  424  430     0     0  con    0  1.0D+00  8.9D-03  1.271D-01  5.202D+03
  425  431     0     0  con    0  1.0D+00  4.5D-03  2.609D-01  5.202D+03
  426  432     0     0  con    0  1.0D+00  2.4D-03  1.220D-01  5.202D+03
  427  433     0     0  con    0  1.0D+00  5.0D-03  1.188D-01  5.202D+03
  428  434     0     0  con    0  1.0D+00  4.2D-03  1.106D-01  5.202D+03
  429  436     0     0  con    1  2.6D-01  2.5D-03  1.186D-01  5.202D+03
  430  438     0     0  con    1  2.8D-01  1.3D-03  1.508D-01  5.202D+03
  431  439     0     0  con    0  1.0D+00  8.7D-04  9.743D-02  5.202D+03
  432  440     0     0  con    0  1.0D+00  9.9D-04  1.057D-01  5.202D+03
  433  441     0     0  con    0  1.0D+00  1.2D-03  8.631D-02  5.202D+03
  434  442     0     0  con    0  1.0D+00  1.8D-03  1.121D-01  5.202D+03
  435  443     0     0  con    0  1.0D+00  1.1D-03  8.760D-02  5.202D+03
  436  444     0     0  con    0  1.0D+00  8.1D-04  1.222D-01  5.202D+03
  437  445     0     0  con    0  1.0D+00  9.2D-04  8.881D-02  5.202D+03
